frame_2599 = [ [ 1.0, 0.0, 0.0, 0.0], [ 0.0, 1.0, 0.0, 0.0], [ 0.0, 0.0, 1.0, 0.0], [ 0.0, 0.0, 0.0, 1.0]]
frame_563 = [ [ 0.9905303276383294, 0.06606398330281377, 0.12035456010833502, -22.757458731139252], [ -0.09860735168836177, 0.9522900032905732, 0.28882579494542143, -54.29292900628], [ -0.09553146194690526, -0.2979585537335907, 0.9497865234015905, 9.960511251169665], [ 0.0, 0.0, 0.0, 1.0]]
frame_564 = [ [ 0.9974891603123506, 0.05998546771017085, 0.0376446373730148, -7.093425450800741], [ -0.06744609786097959, 0.9667494769340406, 0.24667077802424395, -46.453423865229574], [ -0.021596271499518, -0.24859041114119887, 0.9683679097047647, 6.198391871693059], [ 0.0, 0.0, 0.0, 1.0]]
frame_565 = [ [ 0.999349515409454, 0.036061993139694416, 0.000280538200057617, -0.053633938520794115], [ -0.036011978626535206, 0.9974891293050745, 0.060980114083289454, -11.635877677744903], [ 0.0019192306508166621, -0.06095055019441303, 0.9981389417234037, 0.36488498468086167], [ 0.0, 0.0, 0.0, 1.0]]
frame_566 = [ [ 0.9805944435321899, 0.0744447025770547, 0.18136296086029927, -34.074832190964656], [ -0.11388307363062816, 0.9693114062064967, 0.21786703132514784, -40.885702139206884], [ -0.15957814027692277, -0.2342933717718157, 0.9589793705234554, 8.330203051134767], [ 0.0, 0.0, 0.0, 1.0]]
frame_567 = [ [ 0.9774016714375103, 0.0872894287957762, 0.19252669501049144, -36.1808405185116], [ -0.12153334133443712, 0.9772308698355653, 0.1739237591145248, -32.59023361728279], [ -0.1729613240445457, -0.19339178540193128, 0.9657556615023452, 7.085518959368582], [ 0.0, 0.0, 0.0, 1.0]]
frame_568 = [ [ 0.9770429457822564, 0.08665346691911813, 0.19462337672549662, -36.59196643336638], [ -0.1219380059325328, 0.9765649261264773, 0.1773473083212806, -33.22644599624506], [ -0.1746946043996054, -0.19700792301454112, 0.9647122231334944, 7.272863581160962], [ 0.0, 0.0, 0.0, 1.0]]
frame_569 = [ [ 0.8871088655824731, 0.13160845605469002, 0.44239922569991114, -83.43209475407139], [ -0.1796510160082025, 0.9813566299730481, 0.06829844255307364, -12.60019389828035], [ -0.4251627606601981, -0.14006562427254002, 0.8942137595927198, 20.903359278506283], [ 0.0, 0.0, 0.0, 1.0]]
frame_570 = [ [ 0.9938856859397579, 0.11036736116959298, 0.0032076272416750435, -1.0869592129752597], [ -0.11041382778011595, 0.9935104907584229, 0.02730735043731831, -5.096393032665975], [ -0.00017297110674702244, -0.02749455112243561, 0.9996219384045066, 0.07951384720144045], [ 0.0, 0.0, 0.0, 1.0]]
frame_571 = [ [ 0.9975904310570208, 0.06937143317397733, -0.0009675344242440618, 0.17056386877516794], [ -0.06931847954833363, 0.9972134858772954, 0.027571941853424896, -5.21884618378763], [ 0.0028775434976681417, -0.027438437343437986, 0.9996193535039107, 0.06783431768446832], [ 0.0, 0.0, 0.0, 1.0]]
frame_572 = [ [ 0.9971956083056945, 0.07483226131939644, -0.001025398297806521, 0.17232609558409712], [ -0.07480085691539573, 0.9970290245263447, 0.018383581173808526, -3.473964030065198], [ 0.0023980368149976445, -0.01825532574009729, 0.9998304818825862, 0.028023175328629347], [ 0.0, 0.0, 0.0, 1.0]]
frame_573 = [ [ 0.9932490078326824, 0.11579186186043955, 0.006975182169304471, -1.8770743353803643], [ -0.11589060711021647, 0.9931334336590868, 0.01597967872487599, -2.9298165731949863], [ -0.005076969866714293, -0.016680158135272426, 0.9998479867967782, 0.04296173522554805], [ 0.0, 0.0, 0.0, 1.0]]
frame_574 = [ [ 0.9970898580271015, 0.07619838822903677, -0.0023707911747212346, -0.0529760732806824], [ -0.07616894792332134, 0.9970375174965636, 0.010699536277270662, -2.050082458752538], [ 0.003179055166472321, -0.010487818438134547, 0.9999399478332036, 0.011184440290812137], [ 0.0, 0.0, 0.0, 1.0]]
frame_575 = [ [ 0.997473458703309, 0.07102518383673628, -0.0014568608109935671, -0.22722918633270722], [ -0.07100920251125245, 0.997434618756344, 0.009048450978852709, -1.7498047979766123], [ 0.0020957913018046503, -0.008922139169424434, 0.9999580006637642, 0.009080101572366488], [ 0.0, 0.0, 0.0, 1.0]]
frame_576 = [ [ 0.9971533291802605, 0.07537870337676827, 0.0018136102016663692, -0.8389080206660823], [ -0.07539430126236987, 0.9970915109738453, 0.011145316552556518, -2.137750491275294], [ -0.0009682158258421031, -0.01125032537906617, 0.9999362443361056, 0.01588775143401495], [ 0.0, 0.0, 0.0, 1.0]]
frame_577 = [ [ 0.994830525447241, 0.10149306091981297, -0.0033740514958372023, 0.14649302610174864], [ -0.1014190746040436, 0.9946889008034008, 0.01755454143490946, -3.261643097090041], [ 0.005137795716920329, -0.017121600499301635, 0.9998402141600067, 0.027043632752437305], [ 0.0, 0.0, 0.0, 1.0]]
frame_578 = [ [ 0.9962422565944885, 0.08657450270234407, -0.0024943250321618903, -0.03175732853381955], [ -0.08653153278793507, 0.996150871931237, 0.013990503350900421, -2.6605070851150177], [ 0.0036959449258273506, -0.013722092860889063, 0.9998990169805293, 0.018143282619750078], [ 0.0, 0.0, 0.0, 1.0]]
frame_579 = [ [ 0.9656066896907752, -0.006605350095354247, -0.2599232390044038, 48.72525506550606], [ 0.012020706492576234, 0.9997424292208165, 0.01925039820611483, -3.6372071445228906], [ 0.2597291347535743, -0.02171277425370733, 0.965437378598102, 6.2244295078857395], [ 0.0, 0.0, 0.0, 1.0]]
frame_580 = [ [ 0.9658168135851591, -0.0063141939810570855, -0.2591486321603506, 48.57356807242101], [ 0.011483260849768896, 0.9997640710157609, 0.018437381220094265, -3.483593104574968], [ 0.25897107428526955, -0.0207830041228042, 0.9656614569419117, 6.181035072473964], [ 0.0, 0.0, 0.0, 1.0]]
frame_581 = [ [ 0.9624278404623319, -0.0069761531211791445, -0.27144794195322414, 50.90401615392154], [ 0.013130837128414473, 0.9996960941797044, 0.02086385386667114, -3.9410252036384046], [ 0.2712198979044799, -0.02364429253525338, 0.9622269557704161, 6.808631619266599], [ 0.0, 0.0, 0.0, 1.0]]
frame_582 = [ [ 0.9584299002870108, -0.007751562244765519, -0.285222789269377, 53.49325074829286], [ 0.014833992992862489, 0.999632735639593, 0.02267920831067527, -4.283570068712522], [ 0.28494223780921807, -0.025967424217215023, 0.958192889762707, 7.543846818494193], [ 0.0, 0.0, 0.0, 1.0]]
frame_583 = [ [ 0.960927736597887, -0.008806844678504984, -0.27665922092654077, 51.86663832666746], [ 0.015560922201435614, 0.9996318401180833, 0.022227053839735698, -4.199572999367686], [ 0.2763616158896, -0.02566366515060398, 0.9607110041807285, 7.100084977950123], [ 0.0, 0.0, 0.0, 1.0]]
frame_584 = [ [ 0.9659317963751944, -0.007291556712648999, -0.2586940238043763, 48.42763425326429], [ 0.013334684108414093, 0.9996774771621579, 0.021613140781631665, -4.079426720854658], [ 0.2584529956319343, -0.0243264229886778, 0.9657174919164826, 6.210512744144357], [ 0.0, 0.0, 0.0, 1.0]]
frame_585 = [ [ 0.9446096491338741, -0.027791602374795856, -0.3270171824241285, 61.36496639175006], [ 0.06105291417611118, 0.9938958657628794, 0.09188878979542256, -17.35721919126058], [ 0.32246728893607013, -0.10676438946064495, 0.9405403833484864, 10.835264932345183], [ 0.0, 0.0, 0.0, 1.0]]
frame_586 = [ [ 0.9642397565962624, -0.020816680281256168, -0.2642127128304963, 49.47391698777154], [ 0.03281568588639964, 0.9986167563097048, 0.041081684207228956, -7.759183534213882], [ 0.26299205797701597, -0.0482829145719825, 0.9635890916783242, 6.626158237986342], [ 0.0, 0.0, 0.0, 1.0]]
frame_587 = [ [ 0.9566951261275126, -0.03186731930523285, -0.2893422015610006, 54.22311170486413], [ 0.05156866685583439, 0.9968217007403081, 0.06072206791545345, -11.48054681884371], [ 0.2864875359288416, -0.07301349802273176, 0.9552978178892272, 8.138208636029836], [ 0.0, 0.0, 0.0, 1.0]]
frame_588 = [ [ 0.9397825916322653, -0.028167703797338853, -0.3406101303950667, 63.92737582561983], [ 0.06502243669224325, 0.9931312742472862, 0.09727463615242532, -18.369521497378788], [ 0.33553056968264616, -0.11356431030376182, 0.935159015480089, 11.834073808630185], [ 0.0, 0.0, 0.0, 1.0]]
frame_589 = [ [ 0.9606006193708366, -0.01256786964813865, -0.2776481563361797, 52.01481416365042], [ 0.020840929303093142, 0.9994217782388302, 0.026865681597996433, -5.076694329530384], [ 0.2771499697459038, -0.03159363598019173, 0.9603071052717495, 7.196689858439308], [ 0.0, 0.0, 0.0, 1.0]]
frame_590 = [ [ 0.9989420330846166, 0.04589160199141501, -0.0029623307439948323, 0.045649206325559806], [ -0.04587108579936992, 0.9989251840125526, 0.006657344296634525, -1.3067019284233263], [ 0.003264662978331426, -0.006514415718899722, 0.9999734518293439, 0.1020271701429052], [ 0.0, 0.0, 0.0, 1.0]]
frame_591 = [ [ 0.9750677987320346, -0.009822285226938164, -0.22168967181351415, 41.38888995639988], [ 0.014033500026853355, 0.9997496173118953, 0.017428814122566437, -3.3004457911480585], [ 0.22146297377407886, -0.02010535743634819, 0.9749614996755035, 4.45459451644069], [ 0.0, 0.0, 0.0, 1.0]]
frame_592 = [ [ 0.9845260459745983, -0.008246022786385669, -0.1750441884377555, 32.55713737300507], [ 0.010063133138600596, 0.9999042770602292, 0.009495792125714815, -1.801613009135843], [ 0.1749491301752046, -0.011110347648313878, 0.9845147850723626, 2.7764770209153213], [ 0.0, 0.0, 0.0, 1.0]]
frame_593 = [ [ 0.9663161128927564, -0.005012360063285181, -0.2573092423727435, 48.156562657589646], [ 0.01051042905673031, 0.999744800401632, 0.019996623488833788, -3.774119904089304], [ 0.2571433468804546, -0.022027490018309497, 0.9661221914637004, 6.13192843747528], [ 0.0, 0.0, 0.0, 1.0]]
frame_594 = [ [ 0.9741108081814277, -0.007949103840672643, -0.22593128409374044, 42.18593043095061], [ 0.011934118751762111, 0.9997962838845453, 0.016277823572985073, -3.0801706151126718], [ 0.2257558641403, -0.018552694650227096, 0.9740072316607791, 4.622742798681818], [ 0.0, 0.0, 0.0, 1.0]]
frame_595 = [ [ 0.9841804712817862, -0.005786231846851175, -0.17707433317275317, 32.93809591171902], [ 0.00774167512660781, 0.9999164253540436, 0.010354166960232253, -1.959478688864432], [ 0.1769996226374343, -0.01156122087933633, 0.9841430138745043, 2.8402052093530186], [ 0.0, 0.0, 0.0, 1.0]]
frame_596 = [ [ 0.9822651898003614, -0.0041520837440503005, -0.18745094586860603, 34.90178497787769], [ 0.006474555181413942, 0.9999096612520527, 0.011779196492766902, -2.224696608002966], [ 0.18738510357457727, -0.012783956171498087, 0.9822033360882882, 3.172095033124814], [ 0.0, 0.0, 0.0, 1.0]]
frame_597 = [ [ 0.984223164011285, -0.005954395411654204, -0.17683129982807616, 32.89085351234341], [ 0.007950046213729365, 0.999912434097956, 0.0105792675317266, -2.0027520994280517], [ 0.17675282229374503, -0.0118181771686651, 0.984184317340818, 2.835150737410742], [ 0.0, 0.0, 0.0, 1.0]]
frame_598 = [ [ 0.9737047315541839, -0.006629821146469254, -0.22771723962090898, 42.52018118634314], [ 0.010802167382525346, 0.9997957542295061, 0.017081071526862553, -3.229891084291734], [ 0.22755748488863276, -0.019091759903993064, 0.9735774729187932, 4.70265048582135], [ 0.0, 0.0, 0.0, 1.0]]
frame_599 = [ [ 0.978854127849593, -0.007441298205157304, -0.2044241264450865, 38.08420136639832], [ 0.010701094948017516, 0.9998325362397839, 0.014845404785496253, -2.8083961129866353], [ 0.2042794237282051, -0.01671904774063516, 0.9787698352952716, 3.8066520144134017], [ 0.0, 0.0, 0.0, 1.0]]
frame_600 = [ [ 0.9993778489043039, -0.003815305326749313, -0.03506220992286382, 6.09171577844341], [ 0.0036349833325230803, 0.9999798460735158, -0.005205222663023334, 0.9670914239872266], [ 0.03508136279541499, 0.0050745336793690836, 0.9993715760878751, 0.19782851073394828], [ 0.0, 0.0, 0.0, 1.0]]
frame_601 = [ [ 0.9753065964309674, -0.00814238065708074, -0.2207051077693338, 41.156290926973654], [ 0.011526324524761296, 0.9998348724778654, 0.014048901029087853, -2.6605281131248315], [ 0.22055427178177126, -0.016245904542696508, 0.9752393981912377, 4.438999429260539], [ 0.0, 0.0, 0.0, 1.0]]
frame_602 = [ [ 0.9698888553341307, -0.0094821604899199, -0.24336330235081344, 45.40423366260751], [ 0.014545101245364987, 0.9997133832279765, 0.019015557436950402, -3.5960427276289266], [ 0.24311324177923993, -0.021982721108162875, 0.9697487879055476, 5.458775929939631], [ 0.0, 0.0, 0.0, 1.0]]
frame_603 = [ [ 0.963337167581065, -0.02590063137845358, -0.2670405565660142, 49.87114425144194], [ 0.036926053844004596, 0.9986567412099946, 0.03634803685687613, -6.880931055466042], [ 0.26574041488715555, -0.04487616884312432, 0.9629995645718508, 6.693272081848806], [ 0.0, 0.0, 0.0, 1.0]]
